1
2
3
4
868401
392
251004
694463
289407
498062
600636
247085
836952
244250
74960
971072
395122
600698
825054
481544
795014
182139
640445
304924
92542
732752
624683
363754
742249
560404
59494
832057
575748
82996
684153
484242
143583
261331
658129
559427
67740
551563
83217
506296
399501
750871
539120
968593
481837
235676
494522
972030
11529
473189
71863
79212
862409
755683
363105
205026
456990
518883
49633
770119
553852
81481
411013
412055
988284
835868
783349
9101
768957
781528
367707
131874
937369
543212
58140
373631
365098
5535
555312
45364
113670
903496
897160
149626
655090
98403
488556
506220
915727
999418
277953
70690
217228
288078
712318
334380
167719
627092
375530
920679
613304
702714
898250
995328
680558
252691
813017
189782
969051
755776
274280
188651
188291
198229
882626
612454
309291
458746
817177
344194
822171
792633
447174
50594
706647
997268
832013
307579
749338
738128
384364
174921
549464
257922
418685
714357
750212
647773
119339
655690
115891
606228
500394
536478
947093
488114
354659
487512
733256
363318
82368
991978
757060
655301
959536
85947
257416
203555
100851
7199
185886
4040
262318
114869
982966
721429
181462
738268
414168
495267
684828
722815
289910
784229
746286
905751
811561
584015
678183
951727
776164
859813
645478
498729
328916
594232
573222
456959
564223
678198
61092
963724
405597
934124
414803
277648
34505
893506
581919
593544
536657
267395
169448
698480
969243
708517
645023
850715
880997
298750
771770
675291
734017
769657
851954
847208
361592
486243
279857
970932
276192
378869
913165
832417
167842
178209
514530
204716
789237
710101
977679
796526
832461
230557
672811
536658
765691
168287
187433
252968
476995
127315
487567
154885
569251
445738
368832
581983
313744
517445
265325
44465
167786
140712
126179
763964
124099
983442
277570
829878
391544
102171
416305
284233
779380
533161
555351
371328
896641
10764
494079
417949
174360
46035
48575
184332
574272
845472
421071
15749
415418
163950
411940
411552
895309
382122
978641
273331
153815
83277
775907
667893
33281
887170
951724
372239
192256
734075
138374
321320
882390
613891
377739
392713
809019
224855
5659
876572
33017
618841
994381
658689
428536
320625
663116
934486
124247
141430
297421
347986
228419
993062
892498
803552
610832
881398
676281
913527
385244
591675
48840
666307
20635
343916
484720
908295
42238
357949
783629
682339
551566
76046
455244
703768
787980
800179
731280
399885
479446
605100
168526
101119
298050
880489
459883
179123
148093
563945
521642
980691
824413
103555
433384
150480
916004
239549
399275
658208
597889
874070
82478
226454
817316
351635
722414
813147
133592
841575
689698
53637
963113
910962
154975
146366
605723
238613
438747
784019
459879
873029
377041
130585
298334
35603
396415
243339
625864
375091
669793
363084
744532
996426
729473
661613
218221
866970
967531
271866
447990
479203
889145
669086
999443
178563
734820
340866
934889
973612
310850
651872
800050
300451
608577
260577
588542
297013
888203
318414
703572
665174
778557
657803
763639
544009
305307
31877
639908
779534
515590
148960
311243
971634
17074
621196
470673
89544
778515
820060
152869
288340
385954
821708
571828
186551
214351
49894
964721
405503
217620
516189
478744
630122
453452
889009
935951
97726
155383
599361
396646
875693
762161
464541
989540
317213
261037
491298
288936
900345
645567
224092
505724
248495
761785
294794
400874
970254
822334
357420
292767
205684
90570
752923
589949
822146
363933
731474
568437
410260
868186
155252
25594
176916
115023
790741
181988
437627
573008
287839
134572
623477
639599
80275
606197
563373
418963
473069
479561
19210
982209
285836
959450
636693
127002
529791
839632
196942
47695
329621
117821
113914
228193
952969
5484
308789
286618
443445
128460
730524
211869
949650
403728
504270
91096
959718
736090
136680
815145
152533
133636
148077
139845
35660
344596
537188
25104
253368
651178
269883
944756
71503
31908
936919
850990
987933
415266
379534
688631
400273
243631
474268
669202
386610
162942
204969
348393
760930
557301
480373
84875
723674
87356
277005
8384
490366
136629
859153
526255
90947
191179
500080
712937
16646
353840
921522
540540
653071
556365
837097
550980
633981
960912
263126
72575
552615
759303
719732
637848
438539
233134
296991
973469
129587
27006
554579
442047
608234
530458
415539
594581
926834
229346
189166
459333
300577
79703
244827
698663
293617
758777
989937
580430
839041
21422
259952
477537
195883
739301
529009
730372
971341
920604
965330
895973
988236
467426
808021
854665
722246
17013
840304
515517
859294
428227
225392
737156
309889
602106
219106
50014
969443
51317
605036
314742
615517
112160
695711
626446
376046
292648
483158
401083
893153
630745
133774
444295
379841
34612
620257
903831
923318
750497
625568
592976
235183
427603
216982
29765
204151
264435
696151
479841
302807
674881
482319
619353
731680
147239
868977
225246
608275
133482
507834
519575
494878
88295
50536
321160
308385
963339
693473
282906
142494
975904
588271
460503
584226
634784
754827
665892
670635
324251
658627
254171
337494
735309
594707
994651
169083
878897
834388
157399
354528
172706
269058
283408
4438
486534
5754
499467
232707
343082
633203
150334
166831
380283
456902
862659
427865
869137
330129
377061
708460
141845
133582
742314
439165
679563
336999
718306
871904
366869
111698
955968
979157
767578
507016
331316
143924
115770
399789
754713
329176
137083
649644
770722
454533
686755
88749
178212
402198
803905
808688
933155
485129
937169
939971
451352
791212
821974
156514
437272
210167
200127
799947
771414
262727
787799
283897
624206
110767
35161
50103
582886
928818
549938
322226
894987
565592
378542
268498
863663
374635
218050
135463
938121
737892
770278
863744
873347
440906
718634
285761
411045
82055
278982
963928
464052
864458
242484
784370
668154
655323
527989
981825
181666
745067
507614
10241
975971
267761
55242
790297
996656
9548
512696
815778
45054
293185
264473
680005
973904
435563
846467
331776
835942
914464
212562
167124
749184
802983
579575
356380
87367
718436
472003
895893
105999
724923
149309
522802
333416
907402
836420
698822
461914
886037
528710
309706
85219
639838
89526
190904
603572
513729
926070
764774
353976
326946
544956
199625
990640
504759
594381
352052
903005
743358
842311
812908
603276
588257
539612
598237
447574
2281
769506
61388
585566
732454
257604
426905
359085
7169
581696
156065
64218
591872
685462
154905
617422
304943
107795
365703
310550
712207
601049
375028
870924
739678
372842
310727
635425
30741
836131
163530
17091
433498
875025
126712
661361
233669
706078
359370
809732
502310
171435
598255
681695
390858
64132
327423
155534
476496
392834
355756
54392
523383
123056
530831
256926
138958
792547
635830
219808
634896
298622
891309
705177
156114
2414
27202
351030
131280
162262
413104
722693
883478
403737
705108
948978
472794
410040
169783
45814
992143
730598
977356
162536
818307
781493
25903
679517
472612
896485
548553
43651
469657
125990
326753
458575
521832
196569
530003
184025
314414
430354
501909
399456
934967
142602
750715
434654
445410
61090
506173
411617
996618
628337
936119
265891
239532
274393
696100
70934
975329
313203
425969
736667
688593
671547
914300
62554
999857
544895
594993
861825
120339
478541
294021
932060
615784
51896
784035
823987
392450
475491
997609
586812
516080
380826
768530
815804
386981
369548
248241
236449
114071
293260
363704
927076
765906
186657
484157
849062
926605
5502
262984
912879
995350
759723
982465
431835
885409
633659
534985
72130
60551
446699
727068
63141
569997
125905
207763
289189
70745
676741
923070
975019
209258
421957
201555
207067
560204
421022
11815
354745
952220
418074
15133
814027
95736
195384
110913
292974
773275
931943
247648
551962
1063
316843
347964
709526
302034
616429
750394
778125
913102
71315
785706
558324
551598
49580
595569
52322
605433
282147
206271
334512
556919
161793
300282
218203
335612
685735
421802
967626
771225
552193
680606
420428
469753
6293
870335
560052
116009
155591
556205
832677
156880
885418
579190
865020
844390
83691
264305
688274
165324
195310
646534
715531
450393
17107
686863
773163
701853
937967
697464
134800
626384
857393
534499
932969
320756
77903
229175
700711
276660
44546
57676
791728
17434
786098
809323
110512
175788
388095
538163
130270
410353
373307
662865
785037
606725
972579
63603
250098
449016
217449
598978
681033
529726
310057
610308
884386
897387
949210
896766
74915
865758
604796
835344
129706
80771
34352
281541
159279
607612
123975
263760
926364
770257
604842
587282
787366
571566
658478
853305
501501
419820
666472
245988
914570
985928
723896
711295
246456
791636
1000000