4
18
988 35 938 729 372 616 863 522 425 251 800 946 558 292 831 538 985 20
11
975 995 343 124 850 484 910 836 565 191 266
71
761 113 246 314 35 383 883 938 151 994 290 277 108 932 556 750 56 605 968 968 397 612 393 373 162 812 434 461 948 289 929 435 4 165 592 330 510 905 270 6 170 176 513 259 118 732 921 11 717 295 519 686 183 99 471 472 56 419 998 931 240 427 50 668 83 137 107 49 801 329 393
41
601 862 321 792 152 391 891 269 258 290 719 301 895 778 313 452 63 429 533 747 629 918 414 91 874 520 749 931 458 721 227 894 122 307 515 846 866 218 711 111 957

