100
108 108 412 412
303 303 401 401 207 207
101 101 207 207
401 401 101 101 108 108
412 412 303 303
107 107 306 306
410 410 212 212 303 303
306 306 103 103
107 107 103 103 410 410
303 303 212 212
101 101 204 204
411 411 303 303 101 101
204 204 101 101
101 101 106 106 302 302
101 101 405 405
402 402 401 401
303 303 104 104 211 211
211 211 307 307
110 110 110 110 307 307
204 204 303 303
100 100 100 100
100 100 100 100 100 100
100 100 100 100
100 100 100 100 100 100
100 100 100 100
199 199 199 199
199 199 199 199 199 199
199 199 199 199
199 199 199 199 199 199
199 199 199 199
306 355 198 483
363 291 249 280 355 392
298 429 195 483
159 435 120 225 429 475
250 341 178 311
383 395 174 178
427 296 485 485 174 292
415 406 357 110
271 454 407 108 440 133
426 147 357 117
298 458 100 170
444 253 417 251 236 281
208 440 388 194
398 288 417 107 120 288
371 466 156 351
276 227 434 111
138 375 258 276 158 127
315 211 345 451
331 165 366 420 164 333
386 224 220 324
242 314 455 100
248 255 368 162 465 217
499 450 219 238
491 317 251 392 286 460
217 375 115 186
189 152 460 401
380 323 256 172 431 247
159 114 146 338
431 295 134 409 420 341
398 280 314 307
236 212 349 151
206 190 496 368 436 171
345 110 284 447
134 327 332 214 158 162
426 144 135 355
307 390 188 366
342 464 498 327 332 406
432 293 204 457
277 316 272 415 365 286
430 197 174 282
494 149 289 241
390 469 227 372 268 216
487 242 366 145
413 283 174 183 361 385
401 291 127 367
172 179 104 416
395 318 332 299 413 173
207 141 145 451
151 476 268 152 273 118
187 254 340 300
446 463 445 319
341 471 375 211 225 433
383 452 324 381
266 377 405 131 213 348
345 470 230 212
417 321 472 246
401 320 242 466 258 190
323 420 333 295
383 216 412 171 142 463
393 445 430 217
248 435 346 288
138 118 158 274 411 206
446 289 330 493
273 388 342 306 316 258
174 351 227 352
437 373 120 407
110 362 389 393 118 258
404 332 238 188
243 143 231 488 226 228
451 464 335 126
477 324 476 201
112 224 483 271 493 252
431 229 216 379
121 406 322 294 415 441
271 220 164 131
435 394 252 239
290 130 409 310 196 340
292 190 123 267
245 466 353 329 275 399
403 458 494 143
317 400 447 116
481 110 415 180 122 177
157 158 429 324
450 445 310 189 357 211
367 410 442 137
425 146 365 263
174 415 209 372 175 175
101 348 241 262
107 251 185 411 434 392
140 179 368 424
475 486 203 338
235 387 472 152 379 162
491 185 152 400
478 272 268 242 191 323
316 423 428 216
470 130 397 102
410 212 104 264 318 471
452 458 232 242
259 358 380 400 393 224
229 121 285 417
341 179 199 358
270 386 108 196 145 490
392 428 132 367
173 203 439 478 146 113
408 258 318 376
374 388 201 106
100 392 449 491 209 197
332 102 131 438
223 240 112 255 228 423
283 221 215 221
166 283 410 284
256 473 377 252 225 214
224 244 302 355
395 241 153 186 334 382
411 198 485 229
306 393 319 430
471 169 369 413 306 320
307 185 200 316
492 116 492 197 434 144
400 241 215 270
486 324 245 184
301 147 271 241 250 216
165 445 113 328
388 434 325 189 222 264
376 286 437 374
426 125 437 161
185 103 225 201 149 448
348 355 498 204
356 382 248 368 368 325
491 353 445 354
208 488 130 123
127 413 298 130 467 402
220 487 461 206
218 125 374 443 202 368
252 369 332 239
429 294 480 275
116 307 375 348 497 297
466 349 305 340
198 371 128 287 199 275
442 100 353 179
104 156 314 204
170 357 160 376 484 111
463 201 172 375
226 295 190 496 130 401
129 183 296 327
272 151 296 492
328 376 180 215 494 106
176 446 193 468
473 246 183 180 112 433
195 380 429 355
306 154 275 152
487 331 309 135 220 111
118 379 497 484
179 104 413 244 244 166
467 393 387 488
375 324 274 139
498 404 132 235 171 322
423 158 246 116
496 374 173 227 433 406
181 259 188 270
173 288 371 417
320 428 183 231 190 489
223 327 129 339
100 372 245 194 137 294
116 270 156 155
427 398 371 440
125 269 226 161 370 259
189 367 167 334
429 155 150 165 307 332
370 473 265 205
277 109 257 300
482 358 490 264 402 305
140 190 423 138
347 371 130 139 492 115
379 469 276 407
478 164 319 488
114 146 193 158 197 397
291 213 320 403
468 275 312 264 229 101
280 215 490 230
187 374 372 474
411 128 393 411 190 104
460 320 169 189
106 422 320 335 426 374
201 391 103 407
474 308 250 244
147 430 448 177 137 478
457 460 288 155
480 360 392 242 479 250
295 223 490 366
331 301 210 360
227 294 389 208 344 247
278 420 204 401
131 427 133 103 253 399
351 132 327 267
392 271 194 425
184 204 497 168 489 207
271 188 123 124
116 203 394 318 224 246
223 212 460 499
240 324 104 431
468 143 225 207 364 483
497 188 484 378
464 340 483 415 127 285
168 249 230 236
458 303 110 421
313 465 454 286 189 318
141 318 411 244
193 119 102 222 452 198
123 340 238 277
101 139 408 209
192 279 245 334 486 126
114 100 289 373
428 251 165 283 289 456
419 149 307 268
447 172 478 110
367 474 419 388 241 217
462 293 276 224
450 274 145 277 437 267
258 248 161 343
262 390 358 227
328 135 385 294 241 184
466 120 113 183
159 286 344 123 170 408
253 127 154 402
327 430 381 292
350 351 428 337 197 449
114 110 373 195
336 128 435 487 160 189
173 293 454 293
336 183 359 488
239 432 127 100 123 194
232 330 461 439
327 389 458 442 234 354
183 124 166 115
163 320 278 480
259 458 249 348 488 357
388 165 245 116
426 383 209 498 255 258
466 252 287 260
378 300 435 271
407 135 260 234 268 321
331 452 146 198
427 482 324 338 120 305
467 220 234 202
153 341 492 314
297 378 353 387 261 384
199 259 243 260
221 211 354 252 491 103
128 369 286 387
252 175 425 323
154 169 252 353 120 276
459 410 460 125
355 157 186 131 115 393
344 205 331 333
156 384 218 133
300 360 492 369 421 378
293 250 403 245
373 456 177 177 426 130
221 254 133 305
167 150 148 100
462 187 370 478 485 308
220 327 142 114
176 341 321 326 302 490
220 311 304 230
127 446 161 273
346 289 266 156 195 382
444 267 458 295
221 204 442 472 161 403
104 314 499 407
213 143 152 218
428 488 489 116 153 445
444 293 200 366
425 404 354 496 152 110
122 240 442 414
170 110 205 221
343 278 108 470 446 462
130 480 476 234
164 470 340 187 143 348
499 230 383 333
324 398 170 303
270 395 321 434 283 160
245 223 419 118
321 183 169 313 297 202
248 262 354 425
358 392 350 302
348 446 368 412 122 332
362 266 235 467
406 188 234 391 209 401
474 417 308 139
306 143 137 435
288 466 481 113 251 427
328 106 171 257
244 336 157 410 379 299
264 418 276 343
381 154 262 360
221 464 460 417 241 167
417 207 143 360
336 469 327 310 450 103
374 434 381 302
438 309 426 496
353 103 428 246 455 223
496 194 475 423
415 217 125 473 260 254
433 483 322 398
401 177 258 442
385 315 332 256 244 265
173 260 133 187
300 174 393 340 110 227
486 112 434 429
497 150 437 370
134 229 162 417 230 307
439 273 356 404
342 346 192 194 189 367
396 209 439 483
389 328 264 314
245 417 115 423 383 228
488 367 416 193
116 341 197 479 195 256
256 494 230 201
475 488 406 379
187 463 467 323 179 395
163 453 383 323
294 281 152 349 499 213
251 360 357 164
428 433 153 107
392 375 482 457 241 290
204 402 213 205
436 487 184 198 126 114
139 202 250 208
258 333 428 247
140 103 331 343 403 489
162 367 257 380
489 240 198 287 385 142
370 430 287 169
318 157 251 232
210 427 159 165 256 238
134 374 370 455
281 138 175 478 118 461
123 122 459 317
319 269 261 418
233 282 449 469 218 404
441 358 442 197
256 120 253 123 107 391
138 418 221 161
274 294 348 295
328 395 281 481 271 343
245 240 361 198
362 473 262 283 280 361
113 477 493 384
338 275 360 445
385 367 217 254 300 213
480 106 242 277
440 318 382 137 355 234
131 315 238 296
392 237 357 235
300 328 216 467 156 357
320 452 241 203
139 296 275 358 243 224
149 402 366 340
451 490 220 116
275 199 389 318 364 235
398 496 388 310
120 456 459 469 421 203
343 380 323 119
452 319 141 361
422 182 365 431 442 245
253 130 310 171
159 124 294 413 484 417
427 285 145 179
481 115 195 401
217 407 188 164 473 284
375 124 445 219
475 277 279 363 307 295
169 116 209 271
228 226 359 202
327 185 214 245 423 188
110 408 464 430
213 101 155 311 101 181
121 427 403 216
447 289 188 331
291 434 447 168 445 292
194 141 477 434
253 393 271 102 450 340
289 269 159 386
497 140 106 174
144 389 351 324 320 386
277 359 437 293
433 137 435 384 198 431
465 470 271 368
229 207 481 258
194 294 291 198 391 119
481 447 425 104
299 494 124 180 311 237
462 385 497 456
182 112 354 131
314 351 127 199 365 406
411 130 361 303
211 256 200 460 218 341
383 110 375 136
482 204 389 374
322 272 298 155 255 368
182 261 444 276
385 161 106 259 389 286
220 374 136 155
159 235 305 305
498 263 431 289 260 351
364 457 198 413
375 194 138 482 170 337
156 245 489 358
483 360 449 385
478 377 416 160 185 266
386 356 465 346
398 420 238 177 403 381
271 454 469 438
491 391 151 213
491 154 293 109 356 499
220 238 381 426
400 467 177 142 315 380
222 418 283 369
332 202 330 409
281 191 438 345 449 104
142 178 444 468
346 318 205 303 444 318
452 122 190 348
174 453 208 273
379 451 475 394 423 394
104 129 104 227
243 247 189 369 324 344
141 264 499 376
395 412 408 319
209 412 307 314 481 422
278 107 385 125
460 142 207 134 476 131
455 446 147 423
451 458 289 433
437 174 264 101 285 143
446 190 153 298
379 463 370 448 196 440
112 300 198 286
434 446 385 379
252 382 409 129 427 299
317 265 388 253
259 332 324 346 246 175
409 215 219 117
174 132 405 296
469 349 286 208 129 265
320 347 248 248
447 164 361 121 383 141
235 106 410 288
287 451 283 193
404 209 360 202 144 230
391 189 405 179
235 326 491 362 234 308
416 184 224 375
367 310 431 370
419 123 350 472 282 369
251 479 490 294
298 408 443 144 423 224
310 179 288 385
225 459 194 221
405 267 183 408 348 409
251 425 333 211
136 378 330 396 303 271
469 246 291 498
363 164 393 365
251 252 145 170 162 113
452 221 408 486
448 399 410 480 137 177
296 156 473 227
412 259 409 155
301 374 243 346 340 147
243 121 481 377
439 110 147 188 478 390
260 122 334 474
320 168 404 454
315 142 463 411 239 137
392 267 428 131
463 438 304 330 231 434
285 258 321 122
135 404 373 460
312 370 470 379 485 419
444 316 266 492
261 336 368 461 358 331
225 371 413 280
463 476 128 404
188 212 134 387 316 426
395 276 160 132
380 487 234 181 234 395
110 337 366 241
288 371 495 387
145 418 234 343 226 455
466 179 112 207
225 431 111 362 291 437
358 448 390 404
169 208 233 139
461 319 492 303 120 468
487 386 259 458
410 181 261 453 414 297
255 433 446 244
158 355 356 451
472 468 239 419 248 193
260 336 218 190
349 337 201 248 266 236
346 243 248 408
166 291 293 224
485 478 190 277 301 271
257 447 233 328
407 224 269 451 405 295
468 179 434 142
466 394 467 451
494 327 135 103 112 497
373 369 284 319
468 157 365 155 202 289
237 289 252 447
110 383 268 371
404 239 202 283 282 339
301 301 455 225
389 137 213 118 232 378
364 419 282 176
326 466 110 109
412 151 173 110 317 275
350 136 183 106
249 130 150 157 255 104
180 328 240 400
480 497 220 303
326 394 157 129 379 142
227 127 339 129
422 492 263 394 210 207
259 128 423 295
111 327 498 177
301 483 456 249 485 154
293 465 299 319
357 119 485 405 220 312
484 200 268 126
100 153 192 487
104 377 361 371 246 183
412 208 441 165
326 194 399 161 369 455
446 115 159 472
403 398 217 320
261 172 220 194 199 364
395 385 369 155
264 137 118 188 364 219
275 467 351 464
325 116 227 435
114 391 102 255 466 193
317 485 129 300
322 322 414 303 108 180
390 399 414 216
443 257 258 316
187 388 326 202 499 476
463 410 482 313
485 130 338 364 309 286
120 264 315 393
237 401 252 418
378 249 370 180 251 393
327 151 302 461
281 150 459 128 459 245
152 461 371 342
313 389 148 273
487 105 159 399 397 116
307 296 261 360
472 399 133 156 392 345
352 336 426 259
243 280 336 273
247 221 477 425 111 361
268 331 282 149
120 466 371 457 111 343
400 127 210 496
492 122 485 351
426 497 380 460 442 253
486 345 387 455
406 444 264 329 404 264
398 180 335 253
124 479 131 304
426 392 149 404 394 306
222 102 154 205
194 492 437 156 386 166
159 139 405 499
231 267 360 401
145 376 405 446 226 308
237 221 198 457
127 331 380 220 435 322
377 409 422 226
114 474 278 223
324 467 277 344 454 331
247 317 135 190
281 189 436 183 497 378
271 139 310 277
417 238 162 402
158 158 355 201 290 252
279 177 178 439
403 302 438 325 499 419
451 466 473 211
113 162 208 299
414 255 217 186 118 335
244 178 469 214
326 288 323 281 272 497
147 122 350 383
409 228 115 243
391 483 429 290 405 115
261 351 287 309
378 376 424 245 142 172
302 326 131 208
493 158 425 187
257 324 496 218 412 255
370 374 338 268
435 247 461 243 328 456
481 478 157 106
255 418 164 120
285 130 285 117 367 270
349 305 170 270
482 453 245 268 261 104
346 414 215 427
330 420 199 261
213 235 371 185 377 278
369 446 221 142
384 272 226 484 310 156
152 449 279 129
484 211 493 139
402 364 388 329 297 119
141 395 108 169
298 230 276 150 314 313
322 205 273 216
485 362 452 141
288 471 309 417 414 173
455 376 259 187
293 473 475 361 478 379
169 466 314 332
199 185 332 346
287 254 133 231 297 133
461 310 135 494
207 368 281 142 340 375
422 322 298 437
366 358 380 352
217 437 196 339 370 168
480 121 189 426
394 254 246 149 250 110
196 132 476 224
247 162 244 435
113 264 278 249 160 238
282 453 344 437
198 340 152 167 252 101
357 391 441 217
135 465 495 406
491 424 355 264 496 282
187 232 450 124
418 262 196 393 343 128
456 218 223 327
426 312 426 182
224 150 263 103 307 171
181 181 403 457
355 152 264 245 115 406
157 238 400 465
295 207 490 189
222 379 388 392 435 428
192 368 209 260
383 280 406 439 279 454
402 374 401 464
375 161 299 323
379 295 483 271 146 235
362 444 218 315
285 404 100 232 317 258
112 383 293 305
199 499 477 181
113 113 107 375 367 426
340 363 162 372
277 207 208 499 400 276
187 481 464 283
378 284 180 184
348 141 472 339 424 299
134 182 193 304
461 108 113 492 194 112
185 449 404 471
283 368 212 405
486 223 411 162 161 462
424 316 379 190
158 307 429 493 123 385
214 451 198 492
477 306 488 367
205 276 365 351 478 404
450 401 221 186
345 256 217 133 446 189
235 295 394 333
146 406 310 300
437 360 264 417 464 371
143 247 163 118
157 351 303 133 234 413
120 175 468 261
499 437 196 131
100 478 297 389 124 370
421 102 332 256
345 281 350 429 460 233
463 239 401 308
186 369 268 286
361 358 316 441 437 423
150 407 403 360
341 301 345 347 341 391
495 449 282 331
309 287 115 479
436 217 462 243 425 183
401 154 482 217
255 376 342 201 244 283
170 402 276 398
370 283 135 295
346 272 451 497 375 369
221 445 104 238
324 252 465 432 310 480
386 183 191 143
375 180 105 100
196 197 165 474 199 325
279 161 137 397
473 385 117 430 198 471
304 348 213 445
310 463 250 280
445 177 427 423 477 440
102 412 253 317
218 188 227 281 212 457
326 422 330 222
248 246 234 111
160 345 389 390 465 349
499 221 379 116
475 487 460 409 466 251
480 121 315 288
406 182 250 414
111 197 262 303 285 478
313 226 419 447
139 111 356 309 360 421
295 383 414 142
176 169 134 270
193 149 243 300 186 325
217 263 285 324
133 451 433 124 415 450
193 257 392 250
125 140 117 136
369 289 487 433 106 434
392 226 360 452
184 276 152 172 299 499
275 403 187 183
226 476 499 355
410 218 281 374 124 265
357 167 314 468
121 317 472 100 497 453
309 175 351 397
269 325 202 402
273 113 489 406 174 489
220 254 383 237
459 283 124 444 312 227
217 281 280 443
241 214 331 391
260 364 315 111 259 123
165 450 282 129
175 213 189 399 396 105
456 155 151 291
118 470 142 315
347 307 283 223 344 123
335 356 163 438
380 447 304 127 473 452
294 494 108 452
178 393 409 168
432 188 469 321 300 461
115 250 157 178
260 103 487 148 451 499
186 293 305 362
277 109 218 210
382 213 373 297 177 194
451 155 384 145
199 397 159 232 203 442
361 347 394 355
202 296 224 293
180 248 449 356 376 307
168 309 219 305
282 462 227 374 292 338
177 495 318 126
129 417 267 441
236 139 231 483 118 318
411 103 308 391
136 457 248 119 182 411
165 479 324 496
197 355 366 286
135 210 464 364 230 170
172 265 485 134
445 137 125 163 419 311
477 349 110 123
235 474 351 160
254 355 458 242 265 219
216 156 226 321
426 315 207 294 357 354
403 166 125 303
251 432 384 122
302 424 497 330 227 475
434 112 474 391
373 431 464 189 382 436
284 489 356 244
449 434 238 170
486 369 363 162 345 143
301 456 363 395
224 298 377 382 285 440
497 226 456 273
246 262 165 422
417 492 419 465 201 105
187 289 134 214
313 136 397 173 117 111
265 443 188 420
221 155 134 279
396 180 318 323 199 369
182 204 347 393
403 141 135 173 165 321
432 373 322 415
117 375 190 195
116 127 220 167 114 129
185 178 328 351
319 347 265 256 242 499
313 401 464 121
267 272 448 432
248 264 240 396 184 343
125 277 458 466
269 220 101 426 202 484
171 465 212 107
250 128 154 148
189 260 247 123 395 493
352 393 493 307
374 317 435 402 135 290
388 205 390 392
399 365 386 178
343 469 484 145 257 319
454 477 491 480
193 139 292 356 380 168
491 425 151 133
487 196 240 362
154 141 176 400 234 452
339 148 120 305
484 221 193 242 495 388
284 290 293 401
174 365 298 450
225 403 296 380 406 207
129 354 223 230
258 334 295 476 110 485
304 221 336 110
273 392 459 130
159 165 201 420 148 224
126 134 168 350
169 429 347 186 325 408
153 146 110 153
221 111 410 208
380 495 233 299 499 494
427 306 450 231
142 280 198 393 408 382
157 401 421 235
388 192 429 140
143 479 425 240 243 188
330 249 117 214
348 429 252 181 260 173
387 458 243 391
231 186 462 389
127 332 436 245 114 130
414 119 173 142
421 384 246 247 282 401
407 270 213 385
132 369 492 427
316 331 348 257 275 331
427 101 395 233
215 498 240 340 311 465
311 184 294 222
241 326 224 202
251 382 237 376 368 148
265 158 453 441
443 257 395 265 327 195
271 259 132 152
437 163 401 444
397 360 169 152 332 275
100 340 329 276
379 380 445 214 490 421
209 394 369 320
210 398 449 184
461 353 228 131 363 338
279 467 465 441
159 364 175 371 117 334
229 158 363 393
137 439 474 414
307 228 141 420 349 423
273 244 377 350
200 190 463 437 240 272
262 108 479 100
171 216 118 486
412 321 469 475 105 249
381 296 199 485
419 444 189 149 198 471
326 249 461 293
352 189 423 449
398 176 409 330 435 282
339 427 270 347
128 496 137 105 150 211
290 474 440 417
235 385 391 236
423 168 253 310 481 371
346 490 410 424
253 295 231 458 164 243
417 110 468 129
429 367 457 461
422 430 240 258 383 317
390 463 228 227
246 314 210 216 102 384
442 132 112 260
277 214 479 438
278 121 168 419 165 142
331 176 304 164
263 339 163 235 225 339
265 481 100 291
129 111 106 412
464 340 265 412 376 483
285 395 165 253
361 170 327 401 477 225
355 275 479 413
318 200 168 415
213 462 449 242 333 344
449 239 233 193
425 327 438 425 448 181
173 170 280 426
396 443 449 273
314 188 349 448 409 227
343 427 341 425
301 249 250 331 106 314
261 221 197 162
337 242 289 192
277 467 103 216 160 109
480 496 234 233
477 350 253 465 279 339
102 457 121 286
326 417 174 306
319 295 248 334 110 444
293 130 281 431
414 310 182 118 287 132
286 256 423 448
184 214 117 200
228 163 283 339 408 496
313 373 108 446
144 244 179 256 469 301
265 153 315 435
257 272 302 380
137 436 488 162 273 133
242 112 328 406
302 224 288 487 401 365
100 477 398 159
365 325 141 429
418 470 399 335 495 295
351 297 353 205
456 220 475 126 353 220
367 484 213 477
183 108 409 342
491 446 282 399 128 315
289 346 234 460
331 213 252 437 183 484
179 148 108 461
450 402 163 346
312 116 124 181 320 480
173 279 424 319
390 154 445 354 141 447
224 376 490 366
373 461 494 221
104 275 222 327 481 123
370 221 263 319
145 338 467 380 341 483
191 129 210 315
132 185 429 100
131 210 139 297 230 163
210 406 259 243
339 409 290 495 212 429
465 330 380 342
